# mkearthtx -oneface 14 7
appearance { shading smooth }
NUMESH
15 7
0.0000 0.0000 1.0000  0.000 0.000 1.000  0.5000 1.0000 0
0.0000 0.0000 1.0000  0.000 0.000 1.000  0.5000 1.0000 0
0.0000 0.0000 1.0000  0.000 0.000 1.000  0.5000 1.0000 0
0.0000 0.0000 1.0000  0.000 0.000 1.000  0.5000 1.0000 0
0.0000 0.0000 1.0000  0.000 0.000 1.000  0.5000 1.0000 0
0.0000 0.0000 1.0000  0.000 0.000 1.000  0.5000 1.0000 0
0.0000 0.0000 1.0000  0.000 0.000 1.000  0.5000 1.0000 0
0.0000 0.0000 1.0000  0.000 0.000 1.000  0.5000 1.0000 0
0.0000 0.0000 1.0000  0.000 0.000 1.000  0.5000 1.0000 0
0.0000 0.0000 1.0000  0.000 0.000 1.000  0.5000 1.0000 0
0.0000 0.0000 1.0000  0.000 0.000 1.000  0.5000 1.0000 0
0.0000 0.0000 1.0000  0.000 0.000 1.000  0.5000 1.0000 0
0.0000 0.0000 1.0000  0.000 0.000 1.000  0.5000 1.0000 0
0.0000 0.0000 1.0000  0.000 0.000 1.000  0.5000 1.0000 0
0.0000 0.0000 1.0000  0.000 0.000 1.000  0.5000 1.0000 0

0.5000 0.0000 0.8660  0.500 0.000 0.866  0.7500 0.9330 0
0.4505 0.2169 0.8660  0.450 0.217 0.866  0.7252 0.9330 0
0.3117 0.3909 0.8660  0.312 0.391 0.866  0.6559 0.9330 0
0.1113 0.4875 0.8660  0.111 0.487 0.866  0.5556 0.9330 0
-0.1113 0.4875 0.8660  -0.111 0.487 0.866  0.4444 0.9330 0
-0.3117 0.3909 0.8660  -0.312 0.391 0.866  0.3441 0.9330 0
-0.4505 0.2169 0.8660  -0.450 0.217 0.866  0.2748 0.9330 0
-0.5000 0.0000 0.8660  -0.500 0.000 0.866  0.2500 0.9330 0
-0.4505 -0.2169 0.8660  -0.450 -0.217 0.866  0.2748 0.9330 0
-0.3117 -0.3909 0.8660  -0.312 -0.391 0.866  0.3441 0.9330 0
-0.1113 -0.4875 0.8660  -0.111 -0.487 0.866  0.4444 0.9330 0
0.1113 -0.4875 0.8660  0.111 -0.487 0.866  0.5556 0.9330 0
0.3117 -0.3909 0.8660  0.312 -0.391 0.866  0.6559 0.9330 0
0.4505 -0.2169 0.8660  0.450 -0.217 0.866  0.7252 0.9330 0
0.5000 0.0000 0.8660  0.500 0.000 0.866  0.7500 0.9330 0

0.8660 0.0000 0.5000  0.866 0.000 0.500  0.9330 0.7500 0
0.7803 0.3758 0.5000  0.780 0.376 0.500  0.8901 0.7500 0
0.5400 0.6771 0.5000  0.540 0.677 0.500  0.7700 0.7500 0
0.1927 0.8443 0.5000  0.193 0.844 0.500  0.5964 0.7500 0
-0.1927 0.8443 0.5000  -0.193 0.844 0.500  0.4036 0.7500 0
-0.5400 0.6771 0.5000  -0.540 0.677 0.500  0.2300 0.7500 0
-0.7803 0.3758 0.5000  -0.780 0.376 0.500  0.1099 0.7500 0
-0.8660 0.0000 0.5000  -0.866 0.000 0.500  0.0670 0.7500 0
-0.7803 -0.3758 0.5000  -0.780 -0.376 0.500  0.1099 0.7500 0
-0.5400 -0.6771 0.5000  -0.540 -0.677 0.500  0.2300 0.7500 0
-0.1927 -0.8443 0.5000  -0.193 -0.844 0.500  0.4036 0.7500 0
0.1927 -0.8443 0.5000  0.193 -0.844 0.500  0.5964 0.7500 0
0.5400 -0.6771 0.5000  0.540 -0.677 0.500  0.7700 0.7500 0
0.7803 -0.3758 0.5000  0.780 -0.376 0.500  0.8901 0.7500 0
0.8660 0.0000 0.5000  0.866 0.000 0.500  0.9330 0.7500 0

1.0000 0.0000 0.0000  1.000 0.000 0.000  1.0000 0.5000 0
0.9010 0.4339 0.0000  0.901 0.434 0.000  0.9505 0.5000 0
0.6235 0.7818 0.0000  0.623 0.782 0.000  0.8117 0.5000 0
0.2225 0.9749 0.0000  0.223 0.975 0.000  0.6113 0.5000 0
-0.2225 0.9749 0.0000  -0.223 0.975 0.000  0.3887 0.5000 0
-0.6235 0.7818 0.0000  -0.623 0.782 0.000  0.1883 0.5000 0
-0.9010 0.4339 0.0000  -0.901 0.434 0.000  0.0495 0.5000 0
-1.0000 0.0000 0.0000  -1.000 0.000 0.000  0.0000 0.5000 0
-0.9010 -0.4339 0.0000  -0.901 -0.434 0.000  0.0495 0.5000 0
-0.6235 -0.7818 0.0000  -0.623 -0.782 0.000  0.1883 0.5000 0
-0.2225 -0.9749 0.0000  -0.223 -0.975 0.000  0.3887 0.5000 0
0.2225 -0.9749 0.0000  0.223 -0.975 0.000  0.6113 0.5000 0
0.6235 -0.7818 0.0000  0.623 -0.782 0.000  0.8117 0.5000 0
0.9010 -0.4339 0.0000  0.901 -0.434 0.000  0.9505 0.5000 0
1.0000 0.0000 0.0000  1.000 0.000 0.000  1.0000 0.5000 0

0.8660 0.0000 -0.5000  0.866 0.000 -0.500  0.9330 0.2500 0
0.7803 0.3758 -0.5000  0.780 0.376 -0.500  0.8901 0.2500 0
0.5400 0.6771 -0.5000  0.540 0.677 -0.500  0.7700 0.2500 0
0.1927 0.8443 -0.5000  0.193 0.844 -0.500  0.5964 0.2500 0
-0.1927 0.8443 -0.5000  -0.193 0.844 -0.500  0.4036 0.2500 0
-0.5400 0.6771 -0.5000  -0.540 0.677 -0.500  0.2300 0.2500 0
-0.7803 0.3758 -0.5000  -0.780 0.376 -0.500  0.1099 0.2500 0
-0.8660 0.0000 -0.5000  -0.866 0.000 -0.500  0.0670 0.2500 0
-0.7803 -0.3758 -0.5000  -0.780 -0.376 -0.500  0.1099 0.2500 0
-0.5400 -0.6771 -0.5000  -0.540 -0.677 -0.500  0.2300 0.2500 0
-0.1927 -0.8443 -0.5000  -0.193 -0.844 -0.500  0.4036 0.2500 0
0.1927 -0.8443 -0.5000  0.193 -0.844 -0.500  0.5964 0.2500 0
0.5400 -0.6771 -0.5000  0.540 -0.677 -0.500  0.7700 0.2500 0
0.7803 -0.3758 -0.5000  0.780 -0.376 -0.500  0.8901 0.2500 0
0.8660 0.0000 -0.5000  0.866 0.000 -0.500  0.9330 0.2500 0

0.5000 0.0000 -0.8660  0.500 0.000 -0.866  0.7500 0.0670 0
0.4505 0.2169 -0.8660  0.450 0.217 -0.866  0.7252 0.0670 0
0.3117 0.3909 -0.8660  0.312 0.391 -0.866  0.6559 0.0670 0
0.1113 0.4875 -0.8660  0.111 0.487 -0.866  0.5556 0.0670 0
-0.1113 0.4875 -0.8660  -0.111 0.487 -0.866  0.4444 0.0670 0
-0.3117 0.3909 -0.8660  -0.312 0.391 -0.866  0.3441 0.0670 0
-0.4505 0.2169 -0.8660  -0.450 0.217 -0.866  0.2748 0.0670 0
-0.5000 0.0000 -0.8660  -0.500 0.000 -0.866  0.2500 0.0670 0
-0.4505 -0.2169 -0.8660  -0.450 -0.217 -0.866  0.2748 0.0670 0
-0.3117 -0.3909 -0.8660  -0.312 -0.391 -0.866  0.3441 0.0670 0
-0.1113 -0.4875 -0.8660  -0.111 -0.487 -0.866  0.4444 0.0670 0
0.1113 -0.4875 -0.8660  0.111 -0.487 -0.866  0.5556 0.0670 0
0.3117 -0.3909 -0.8660  0.312 -0.391 -0.866  0.6559 0.0670 0
0.4505 -0.2169 -0.8660  0.450 -0.217 -0.866  0.7252 0.0670 0
0.5000 0.0000 -0.8660  0.500 0.000 -0.866  0.7500 0.0670 0

0.0000 0.0000 -1.0000  0.000 0.000 -1.000  0.5000 0.0000 0
0.0000 0.0000 -1.0000  0.000 0.000 -1.000  0.5000 0.0000 0
0.0000 0.0000 -1.0000  0.000 0.000 -1.000  0.5000 0.0000 0
0.0000 0.0000 -1.0000  0.000 0.000 -1.000  0.5000 0.0000 0
0.0000 0.0000 -1.0000  0.000 0.000 -1.000  0.5000 0.0000 0
0.0000 0.0000 -1.0000  0.000 0.000 -1.000  0.5000 0.0000 0
0.0000 0.0000 -1.0000  0.000 0.000 -1.000  0.5000 0.0000 0
0.0000 0.0000 -1.0000  0.000 0.000 -1.000  0.5000 0.0000 0
0.0000 0.0000 -1.0000  0.000 0.000 -1.000  0.5000 0.0000 0
0.0000 0.0000 -1.0000  0.000 0.000 -1.000  0.5000 0.0000 0
0.0000 0.0000 -1.0000  0.000 0.000 -1.000  0.5000 0.0000 0
0.0000 0.0000 -1.0000  0.000 0.000 -1.000  0.5000 0.0000 0
0.0000 0.0000 -1.0000  0.000 0.000 -1.000  0.5000 0.0000 0
0.0000 0.0000 -1.0000  0.000 0.000 -1.000  0.5000 0.0000 0
0.0000 0.0000 -1.0000  0.000 0.000 -1.000  0.5000 0.0000 0

