appearance {
	shading smooth
	material { diffuse 1 .9 .3  edgecolor 1 .9 .3 }
}
{
LIST
{
  appearance {
	texture {
	    apply modulate
	    file saturn.pgm.gz
	    transform .7 0 0 0  0 .9 0 0  0 0 1 0  .15 .05 0 1
	}
  }
  < oneface.mesh
}

appearance { -backcull +evert }
{
 LIST
{
# mkannulus 1.4975 1.9367
MESH
40 2
1.49750 0.00000 0
1.47811 0.24022 0
1.42043 0.47421 0
1.32597 0.69592 0
1.19717 0.89961 0
1.03735 1.08000 0
0.85068 1.23242 0
0.64197 1.35292 0
0.41663 1.43838 0
0.18050 1.48658 0
-0.06030 1.49629 0
-0.29954 1.46724 0
-0.53102 1.40019 0
-0.74875 1.29687 0
-0.94709 1.15997 0
-1.12089 0.99303 0
-1.26567 0.80036 0
-1.37767 0.58697 0
-1.45399 0.35838 0
-1.49264 0.12050 0
-1.49264 -0.12050 0
-1.45399 -0.35838 0
-1.37767 -0.58697 0
-1.26567 -0.80036 0
-1.12089 -0.99303 0
-0.94709 -1.15997 0
-0.74875 -1.29687 0
-0.53102 -1.40019 0
-0.29954 -1.46724 0
-0.06030 -1.49629 0
0.18050 -1.48658 0
0.41663 -1.43838 0
0.64197 -1.35292 0
0.85068 -1.23242 0
1.03735 -1.08000 0
1.19717 -0.89961 0
1.32597 -0.69592 0
1.42043 -0.47421 0
1.47811 -0.24022 0
1.49750 0.00000 0

1.93670 0.00000 0
1.91162 0.31067 0
1.83703 0.61329 0
1.71486 0.90003 0
1.54828 1.16346 0
1.34160 1.39675 0
1.10017 1.59387 0
0.83025 1.74971 0
0.53882 1.86024 0
0.23344 1.92258 0
-0.07798 1.93513 0
-0.38739 1.89756 0
-0.68676 1.81085 0
-0.96835 1.67723 0
-1.22486 1.50018 0
-1.44964 1.28427 0
-1.63688 1.03510 0
-1.78172 0.75912 0
-1.88042 0.46348 0
-1.93042 0.15584 0
-1.93042 -0.15584 0
-1.88042 -0.46348 0
-1.78172 -0.75912 0
-1.63688 -1.03510 0
-1.44964 -1.28427 0
-1.22486 -1.50018 0
-0.96835 -1.67723 0
-0.68676 -1.81085 0
-0.38739 -1.89756 0
-0.07798 -1.93513 0
0.23344 -1.92258 0
0.53882 -1.86024 0
0.83025 -1.74971 0
1.10017 -1.59387 0
1.34160 -1.39675 0
1.54828 -1.16346 0
1.71486 -0.90003 0
1.83703 -0.61329 0
1.91162 -0.31067 0
1.93670 0.00000 0
}
{
# mkannulus 1.9817 2.2520
MESH
40 2
1.98170 0.00000 0
1.95604 0.31789 0
1.87971 0.62754 0
1.75471 0.92094 0
1.58426 1.19049 0
1.37277 1.42921 0
1.12573 1.63091 0
0.84954 1.79037 0
0.55134 1.90346 0
0.23887 1.96725 0
-0.07980 1.98009 0
-0.39639 1.94165 0
-0.70272 1.85292 0
-0.99085 1.71620 0
-1.25332 1.53503 0
-1.48332 1.31411 0
-1.67491 1.05915 0
-1.82312 0.77676 0
-1.92412 0.47425 0
-1.97527 0.15946 0
-1.97527 -0.15946 0
-1.92412 -0.47425 0
-1.82312 -0.77676 0
-1.67491 -1.05915 0
-1.48332 -1.31411 0
-1.25332 -1.53503 0
-0.99085 -1.71620 0
-0.70272 -1.85292 0
-0.39639 -1.94165 0
-0.07980 -1.98009 0
0.23887 -1.96725 0
0.55134 -1.90346 0
0.84954 -1.79037 0
1.12573 -1.63091 0
1.37277 -1.42921 0
1.58426 -1.19049 0
1.75471 -0.92094 0
1.87971 -0.62754 0
1.95604 -0.31789 0
1.98170 0.00000 0

2.25200 0.00000 0
2.22284 0.36125 0
2.13610 0.71314 0
1.99405 1.04656 0
1.80035 1.35287 0
1.56002 1.62415 0
1.27928 1.85336 0
0.96542 2.03457 0
0.62655 2.16309 0
0.27145 2.23558 0
-0.09068 2.25017 0
-0.45046 2.20649 0
-0.79857 2.10566 0
-1.12600 1.95029 0
-1.42427 1.74441 0
-1.68565 1.49335 0
-1.90337 1.20362 0
-2.07179 0.88271 0
-2.18656 0.53894 0
-2.24470 0.18121 0
-2.24470 -0.18121 0
-2.18656 -0.53894 0
-2.07179 -0.88271 0
-1.90337 -1.20362 0
-1.68565 -1.49335 0
-1.42427 -1.74441 0
-1.12600 -1.95029 0
-0.79857 -2.10566 0
-0.45046 -2.20649 0
-0.09068 -2.25017 0
0.27145 -2.23558 0
0.62655 -2.16309 0
0.96542 -2.03457 0
1.27928 -1.85336 0
1.56002 -1.62415 0
1.80035 -1.35287 0
1.99405 -1.04656 0
2.13610 -0.71314 0
2.22284 -0.36125 0
2.25200 0.00000 0
}

}
}
