appearance { *shading csmooth  *+transparent }
LIST
{
VECT
1 2 1
2
1

0 0 0  0 0 1

.2 .2 .2 .5
}

# tailcone -z 1 -r 1 -n 5x6  0.3  0
CvMESH
5 6

0.0000 0.0000 0.0000  0.5 0.75 1 0.300
0.2500 0.0000 0.0625  0.5 0.75 1 0.150
0.5000 0.0000 0.2500  0.5 0.75 1 0.088
0.7500 0.0000 0.5625  0.5 0.75 1 0.040
1.0000 0.0000 1.0000  0.5 0.75 1 0.000

0.0000 0.0000 0.0000  0.5 0.75 1 0.300
0.1250 0.2165 0.0625  0.5 0.75 1 0.150
0.2500 0.4330 0.2500  0.5 0.75 1 0.088
0.3750 0.6495 0.5625  0.5 0.75 1 0.040
0.5000 0.8660 1.0000  0.5 0.75 1 0.000

0.0000 0.0000 0.0000  0.5 0.75 1 0.300
-0.1250 0.2165 0.0625  0.5 0.75 1 0.150
-0.2500 0.4330 0.2500  0.5 0.75 1 0.088
-0.3750 0.6495 0.5625  0.5 0.75 1 0.040
-0.5000 0.8660 1.0000  0.5 0.75 1 0.000

0.0000 0.0000 0.0000  0.5 0.75 1 0.300
-0.2500 0.0000 0.0625  0.5 0.75 1 0.150
-0.5000 0.0000 0.2500  0.5 0.75 1 0.088
-0.7500 0.0000 0.5625  0.5 0.75 1 0.040
-1.0000 0.0000 1.0000  0.5 0.75 1 0.000

0.0000 0.0000 0.0000  0.5 0.75 1 0.300
-0.1250 -0.2165 0.0625  0.5 0.75 1 0.150
-0.2500 -0.4330 0.2500  0.5 0.75 1 0.088
-0.3750 -0.6495 0.5625  0.5 0.75 1 0.040
-0.5000 -0.8660 1.0000  0.5 0.75 1 0.000

0.0000 0.0000 0.0000  0.5 0.75 1 0.300
0.1250 -0.2165 0.0625  0.5 0.75 1 0.150
0.2500 -0.4330 0.2500  0.5 0.75 1 0.088
0.3750 -0.6495 0.5625  0.5 0.75 1 0.040
0.5000 -0.8660 1.0000  0.5 0.75 1 0.000

# tailcone -z .5 -r 0.5 -n 4x6  0.15  0
CvMESH
4 6

0.0000 0.0000 0.0000  0.5 0.75 1 0.150
0.1667 0.0000 0.0556  0.5 0.75 1 0.063
0.3333 0.0000 0.2222  0.5 0.75 1 0.028
0.5000 0.0000 0.5000  0.5 0.75 1 0.000

0.0000 0.0000 0.0000  0.5 0.75 1 0.150
0.0833 0.1443 0.0556  0.5 0.75 1 0.063
0.1667 0.2887 0.2222  0.5 0.75 1 0.028
0.2500 0.4330 0.5000  0.5 0.75 1 0.000

0.0000 0.0000 0.0000  0.5 0.75 1 0.150
-0.0833 0.1443 0.0556  0.5 0.75 1 0.063
-0.1667 0.2887 0.2222  0.5 0.75 1 0.028
-0.2500 0.4330 0.5000  0.5 0.75 1 0.000

0.0000 0.0000 0.0000  0.5 0.75 1 0.150
-0.1667 0.0000 0.0556  0.5 0.75 1 0.063
-0.3333 0.0000 0.2222  0.5 0.75 1 0.028
-0.5000 0.0000 0.5000  0.5 0.75 1 0.000

0.0000 0.0000 0.0000  0.5 0.75 1 0.150
-0.0833 -0.1443 0.0556  0.5 0.75 1 0.063
-0.1667 -0.2887 0.2222  0.5 0.75 1 0.028
-0.2500 -0.4330 0.5000  0.5 0.75 1 0.000

0.0000 0.0000 0.0000  0.5 0.75 1 0.150
0.0833 -0.1443 0.0556  0.5 0.75 1 0.063
0.1667 -0.2887 0.2222  0.5 0.75 1 0.028
0.2500 -0.4330 0.5000  0.5 0.75 1 0.000

